00
00
03
aa
55
0a
00
20
40
79
da
20
20
3a
9e
d2
29
aa
55
40
00
00
40
00
00
00
00
00
00
00
00
00
00
00
00
00
00
00
00
00
11
00
00
00
00
00
00
00
00
00
00
00
00
40
00
00
00
00
00
00
00
00
00
00
00
00
00
00
8a
08
00
2a
01
10
14
46
00
02
00
00
00
00
00
00
20
02
00
aa
55
02
00
25
48
06
00
aa
55
01
00
32
41
14
aa
55
01
00
28
48
03
aa
55
06
00
1e
45
7a
30
30
30
02
2a
aa
55
07
00
3e
44
06
4d
30
20
53
44
4b
aa
55
03
00
1b
45
01
00
00
aa
55
01
00
f8
43
28
aa
55
02
00
fa
43
0c
00
aa
55
01
00
1e
47
50
aa
55
02
00
fe
44
60
01
aa
55
01
00
01
45
00
aa
55
01
00
fd
43
00
aa
55
01
00
f7
43
00
aa
55
04
00
fe
43
03
02
01
0e
aa
55
09
00
1e
44
08
07
09
4d
30
20
53
44
4b
aa
55
08
00
52
48
10
00
10
00
00
00
00
01
aa
55
06
00
40
41
34
33
33
33
33
11
aa
55
0f
00
27
47
0e
41
73
74
20
4d
6f
75
20
46
50
47
41
62
74
aa
55
01
00
33
41
00
aa
55
01
00
72
41
01
aa
55
03
00
16
42
8f
10
ca
aa
55
04
00
1a
42
0a
0b
ef
07
aa
55
01
00
f8
41
00
aa
55
08
00
a3
00
00
00
00
00
00
00
00
00
aa
55
02
00
5d
41
02
24
aa
55
08
00
4d
41
20
00
00
04
16
00
00
04
aa
55
02
00
5b
41
20
00
aa
55
04
00
57
41
20
00
00
20
aa
55
04
00
5f
41
80
03
00
06
aa
55
04
00
5f
41
80
04
00
06
aa
55
05
00
19
42
00
0a
1b
ef
07
aa
55
02
00
ba
42
30
ff
aa
55
01
00
c9
42
80
aa
55
03
00
ce
42
5d
40
bb
aa
55
0b
00
0e
47
55
d0
56
e0
57
4c
58
6c
59
50
ff
aa
55
02
00
63
41
0e
47
aa
55
f2
00
29
45
01
00
00
28
02
00
18
02
00
03
28
01
0a
03
00
00
2a
14
41
73
74
20
4c
45
20
4d
6f
75
73
65
20
20
20
20
20
20
20
20
04
00
03
28
01
02
05
00
01
2a
02
c2
03
06
00
03
28
01
02
07
00
04
2a
08
06
00
06
00
64
00
2c
01
08
00
00
28
02
01
18
09
00
03
28
01
20
0a
00
05
2a
00
0b
00
02
29
02
00
00
0c
00
00
28
02
04
18
0d
00
03
28
01
06
0e
00
07
2a
01
01
0f
00
00
28
02
0f
18
10
00
03
28
01
12
11
00
19
2a
01
38
12
00
00
28
02
f0
18
13
00
03
28
01
10
14
00
f0
2a
14
00
00
00
00
00
00
00
00
00
00
00
00
00
00
00
00
00
00
00
00
15
00
02
29
02
00
00
16
00
03
28
01
04
17
00
f1
2a
14
00
00
00
00
00
00
00
00
00
00
00
00
00
00
00
00
00
00
00
00
18
00
03
28
01
0c
19
00
f2
2a
14
00
00
00
00
00
00
00
00
00
00
00
00
00
00
00
00
00
00
00
00
00
00
aa
55
03
00
cb
42
be
02
00
ff
aa
55
00
00
aa
92
